1000
25
0 0 0 0 0.840188
0 1 0 1 0.394383
0 2 0 2 0.783099
0 3 0 3 0.79844
0 4 0 4 0.911647
1 0 1 0 0.197551
1 1 1 1 0.335223
1 2 1 2 0.76823
1 3 1 3 0.277775
1 4 1 4 0.55397
2 0 2 0 0.477397
2 1 2 1 0.628871
2 2 2 2 0.364784
2 3 2 3 0.513401
2 4 2 4 0.95223
3 0 3 0 0.916195
3 1 3 1 0.635712
3 2 3 2 0.717297
3 3 3 3 0.141603
3 4 3 4 0.606969
4 0 4 0 0.0163006
4 1 4 1 0.242887
4 2 4 2 0.137232
4 3 4 3 0.804177
4 4 4 4 0.156679
32
0 5 6
0 6 1
1 6 7
1 7 2
2 7 8
2 8 3
3 8 9
3 9 4
5 10 11
5 11 6
6 11 12
6 12 7
7 12 13
7 13 8
8 13 14
8 14 9
10 15 16
10 16 11
11 16 17
11 17 12
12 17 18
12 18 13
13 18 19
13 19 14
15 20 21
15 21 16
16 21 22
16 22 17
17 22 23
17 23 18
18 23 24
18 24 19
